2353
580
3713
3420
3730
3888
4194
4293
1333
1460
1510
3321
656
245
1488
3896
700
1335
4810
3261
549
488
4204
4758
3944
1913
558
3316
4778
963
576
4969
2895
1911
3972
1762
1559
3596
2589
1446
4536
2589
740
3028
71
3610
1750
2561
1908
2946
4215
3102
1805
2238
2742
1865
1375
3955
4476
1818
3330
878
4515
371
885
1541
427
3744
1273
4726
2337
2104
3746
3365
3725
2960
4748
1176
4687
334
164
2997
1408
1833
1748
2473
3165
658
4169
2107
387
2604
4120
772
3115
3658
3074
370
2144
3530
3184
3005
1289
2182
609
2112
4356
3440
3512
4781
2117
199
4267
4142
1654
334
4469
2683
3622
3412
3375
4768
4574
4165
4339
4733
2983
2974
250
68
4885
4378
4032
1158
2150
2158
1708
4226
1224
4636
3116
4725
2146
4387
4989
188
3336
4978
4117
2782
4188
392
1747
3732
155
3415
3431
2123
2843
875
4128
1383
3190
3445
4895
2739
1167
3110
1993
4496
3625
244
1459
3986
296
3650
2623
187
4176
4151
1397
3005
3856
2467
879
4494
2631
301
1003
3734
3727
4584
1384
349
508
1734
1535
3700
4491
2251
4021
227
2986
4621
4156
3944
3932
2761
3436
1504
793
3244
2947
3691
4478
1124
2526
724
2566
402
108
866
2108
3258
769
4041
3860
1110
3478
3562
2116
3922
695
1926
131
1170
20
4235
3310
1934
563
4870
1864
4498
2942
483
1637
2692
871
4384
4208
812
1135
4090
2143
3155
3119
4727
3853
116
85
2823
4283
4874
4388
1870
2550
1022
3561
3308
1104
3291
2413
632
4839
238
4001
2609
316
287
2404
1168
240
4093
4354
1305
2788
1604
4782
1975
3051
292
382
3195
1850
2739
588
1990
111
1073
2933
616
4131
2562
3281
917
3399
503
4251
1906
4153
510
4411
3566
2711
3916
2584
190
521
3084
4081
946
1239
1586
257
813
2909
4218
3781
2100
4650
2012
2499
4243
2354
1789
2037
2677
813
3437
2905
2285
2352
2877
2821
2541
880
1816
484
2934
156
398
1470
2026
1991
1987
4376
2545
2305
2468
3008
4180
1722
2152
2255
2142
3011
169
1213
923
1880
4906
4377
2084
179
1796
3593
3362
3765
2716
4932
1093
3734
848
1944
4252
543
473
2252
367
2412
4491
372
3344
429
3725
564
201
622
680
4529
712
603
4560
1055
250
1021
4385
1848
196
3394
1015
3780
4589
2536
1915
446
874
209
3003
1599
2539
2916
846
3511
2389
4534
1033
1655
1454
1232
3393
2740
3085
3186
4220
490
4174
4793
1695
3232
1157
3624
2057
1973
1397
711
783
808
3513
3279
4690
4992
2619
4080
1991
2796
4757
1049
3665
715
4987
2731
395
3963
1
3274
696
1404
3315
1425
1272
1081
3514
4770
443
3914
859
3873
2114
1678
3752
225
3142
3174
1542
3401
122
4005
1195
1425
733
3125
1128
980
3244
3426
3230
3094
1972
3123
16
4379
2493
2088
2007
3609
1478
2848
3638
3077
1937
884
3934
1987
1963
4762
4588
2220
2422
1600
3153
1690
209
1890
693
3146
4953
2534
1526
2017
684
2765
1901
3991
1663
4373
2732
1054
1167
2932
1923
2273
368
3118
4488
4849
4190
4140
4016
3481
3837
1011
672
373
4969
3325
4170
603
1396
3861
3656
3944
1322
1622
2393
4171
3982
4943
325
2590
2031
3535
1053
4489
4677
880
1323
2090
2402
843
3956
813
3517
3045
3179
4673
2093
1529
4021
3338
203
2130
4657
2306
4276
2979
952
3746
726
318
867
4247
3816
1427
1451
302
4958
1183
696
4090
2003
2081
3201
553
4904
2843
427
3277
3442
2720
2078
2453
922
1986
2387
4901
3877
3746
213
1698
4927
2577
1365
2085
4975
4708
1997
2090
1594
2877
4714
910
834
4931
1336
3122
3929
4104
2401
1434
2552
2674
304
3006
3239
3413
3326
1830
4039
1550
1424
1212
971
3997
4162
4425
717
1116
577
197
847
3336
1683
565
3005
1168
1620
990
651
4265
973
4773
1345
3779
4146
2254
2273
3358
3845
1563
1383
167
3051
45
1454
3502
4939
1837
769
1910
2405
2813
3527
2205
587
4215
991
4739
2
2071
1794
2336
1179
4773
577
1651
4867
2192
4850
1909
2153
2358
2270
4014
3813
680
286
1639
4111
4502
1229
4783
222
3741
1861
3160
1246
4139
3192
4930
1263
2534
3357
1775
4768
4047
3987
3277
4468
4802
3635
2748
1986
3859
4756
48
543
4513
3391
4906
3930
4352
628
499
843
2010
2114
2438
2913
2417
406
728
3999
4920
647
4619
4000
496
4245
4766
1693
2008
2171
4308
867
3481
2798
1362
3985
1814
2617
1733
749
3285
1001
1910
1906
2858
932
2759
1933
1550
364
2051
4397
2908
3748
2066
3213
137
1047
47
268
3625
3214
1922
2182
1320
4631
2362
4212
753
3452
1100
4799
3672
4979
714
3919
3736
2714
1143
4563
1487
2834
143
1644
120
4911
2959
4732
733
3149
3848
767
2570
1466
2124
72
4078
4727
587
3227
3570
3546
1180
3097
4264
2251
725
2929
3035
3146
4476
2423
4904
483
3780
791
3071
278
2062
1408
1673
2629
3480
2604
4604
333
2229
2207
2856
643
4841
4008
2128
2916
994
2940
1654
2045
2380
2869
4187
31
1698
2586
3672
1425
863
2087
2685
1333
2000
3801
2666
4178
1554
941
67
3576
3493
3931
22
3517
74
2393
3305
468
296
1989
4489
840
4136
1027
2898
4193
2221
1643
932
894
3932
3179
4469
143
4521
1523
3642
1041
1343
2949
1362
53
2874
3078
3552
3448
2847
670
4957
4305
4281
3204
1130
3874
2598
1846
2196
974
903
3472
1958
4911
10
4173
4644
314
4461
4879
3995
3550
3750
2265
4124
2346
627
4437
2966
1059
2474
4449
1347
1552
1685
1627
1612
728
2050
596
2544
2676
4326
2669
138
2871
992
1451
43
3700
